100 20
58237 43982 2934 5712 7861 2345 7894 32145 1234 6589 27412 53810 96257 42567 78901 8734 68451 47032 92340 15234 47829 6202 29834 67351 53890 87251 34910 54014 12039 83456 21478 39251 81769 23947 1050 41032 52012 8945 78129 5872 67201 93251 45671 43978 78130 2745 98112 34078 15302 89123 73546 11234 82746 19578 65812 84721 56432 20812 93240 42354 57394 89263 53841 74601 39204 73418 2009 15298 73658 67952 81201 63801 58972 93140 12344 86759 74835 45017 98234 26543 19523 92745 60213 71259 53246 83420 2718 70341 28765 23859 18540 45421 26574 21555 79842 21548 54544 23148 44545 51285
0 1 0 1 0 1 0 0 1 0 1 0 0 1 1 0 1 1 1 1
1 0 0 0 1 1 0 1 0 0 0 1 1 1 0 1 1 0 0 1
0 0 0 0 0 0 0 0 1 1 1 0 1 0 0 1 1 0 0 1
1 1 1 1 1 1 1 0 0 0 0 0 1 0 0 1 0 1 0 0
0 0 0 0 0 0 1 0 0 0 0 0 1 0 0 0 0 0 1 1
0 0 0 1 0 0 0 0 1 1 0 0 1 0 1 1 0 1 1 0
0 1 1 1 1 0 0 0 0 0 0 1 0 0 0 0 1 1 0 0
0 1 1 0 1 1 1 0 0 0 0 0 0 0 1 0 1 1 1 0
0 0 0 0 0 0 1 1 1 0 1 1 1 0 1 1 0 0 1 1
0 1 1 0 1 0 1 1 1 0 0 1 0 1 1 1 1 1 0 1
0 0 1 0 0 0 1 0 1 0 1 0 0 0 0 0 1 0 0 0
0 0 0 0 1 1 1 1 1 0 0 1 0 1 1 0 1 1 1 0
1 0 0 1 0 1 0 0 1 1 0 0 0 0 0 1 1 0 1 1
0 1 1 0 1 0 1 0 0 1 0 1 1 1 1 1 1 0 0 0
0 0 1 0 0 0 1 1 1 1 1 1 0 1 0 1 0 1 1 0
0 0 0 0 1 1 0 1 0 0 0 0 0 0 0 1 0 1 1 1
1 1 0 0 1 0 1 1 0 0 1 0 0 1 1 1 1 1 0 0
0 0 1 0 1 1 1 1 0 1 0 0 1 0 1 0 0 0 1 1
0 0 0 0 0 1 0 0 1 0 1 0 0 1 0 0 0 0 1 0
0 1 1 0 0 1 0 1 0 1 1 0 0 1 1 1 0 0 1 0
1 0 1 0 1 0 0 1 1 1 1 1 1 0 1 0 1 0 0 1
0 0 0 0 1 1 1 1 0 0 0 0 0 1 0 0 1 0 1 0
1 0 0 0 1 1 1 1 0 0 1 1 1 0 0 0 1 0 1 1
0 0 0 0 0 1 0 0 1 1 0 1 0 1 1 0 0 1 0 0
0 0 0 1 0 1 0 0 1 0 0 1 0 1 1 0 0 1 1 1
1 1 1 1 1 1 0 0 1 0 1 0 0 1 0 1 0 0 1 0
1 1 0 1 0 1 1 1 1 0 1 0 1 1 0 1 0 1 0 0
1 1 1 0 0 0 1 0 0 1 1 0 1 1 1 0 0 0 1 0
0 1 1 1 1 0 1 1 0 1 0 1 0 1 0 0 0 1 1 1
0 1 1 0 1 0 0 0 0 0 1 0 1 1 0 1 1 1 0 0
1 0 1 1 1 0 1 1 1 0 1 1 0 0 1 1 1 1 0 1
1 0 1 0 0 0 0 1 0 1 0 1 1 1 1 1 0 1 1 0
1 1 1 0 0 1 1 1 1 0 1 1 1 0 1 1 1 0 1 0
1 1 1 0 1 0 1 0 0 0 1 0 1 0 0 1 1 0 1 0
1 0 0 0 0 1 0 0 0 0 0 0 0 0 1 0 1 0 0 1
0 1 1 1 0 0 1 0 1 1 0 0 0 1 1 1 0 0 1 1
0 0 0 0 1 0 1 1 0 1 1 0 1 1 0 0 1 1 1 0
1 0 0 0 1 0 0 1 0 0 1 1 1 1 0 0 0 1 1 1
1 0 0 0 0 1 1 0 1 0 1 0 0 0 1 0 0 0 1 1
0 0 0 1 1 0 1 0 1 0 0 1 1 0 1 0 0 1 0 0
1 0 0 1 1 0 1 0 0 0 0 1 1 1 0 0 1 0 1 0
1 1 1 0 1 1 1 0 1 1 0 0 0 0 1 1 0 0 0 0
0 0 1 0 1 0 1 1 1 1 0 0 0 1 1 0 0 0 1 1
1 0 1 1 1 0 0 1 1 0 1 0 1 0 0 1 1 0 1 1
1 1 0 0 0 1 0 1 1 1 0 1 1 1 0 0 1 0 1 0
0 1 0 0 1 1 0 0 0 1 0 1 0 0 0 0 1 1 0 0
0 0 0 1 0 1 0 1 1 1 1 0 1 1 0 0 1 0 1 1
1 1 1 1 0 0 1 1 0 0 1 0 1 0 0 1 1 1 0 1
1 0 0 1 1 0 1 1 1 1 1 1 1 0 1 0 1 0 0 0
1 1 0 1 0 1 0 0 0 0 0 1 1 1 0 0 1 0 1 1
1 1 1 0 1 0 1 1 1 1 0 0 1 0 0 0 0 1 0 0
0 1 0 0 0 1 0 0 1 1 1 1 0 1 1 0 0 1 0 1
0 1 1 0 1 0 1 1 0 1 0 0 1 1 0 1 1 1 0 0
1 0 1 1 1 0 0 1 1 1 1 1 0 0 0 0 1 1 0 0
1 0 0 0 1 1 0 0 0 0 1 1 0 0 1 1 1 1 1 0
1 1 0 1 0 0 1 1 1 0 0 0 1 1 1 1 1 0 1 0
1 1 0 0 1 0 1 1 1 1 0 0 1 0 0 1 0 1 0 1
1 1 1 1 0 0 0 0 0 0 1 1 0 1 0 1 0 1 0 1
0 0 0 1 0 0 1 1 1 1 1 1 0 0 0 1 0 0 1 0
0 0 1 0 1 1 1 0 1 1 0 1 0 0 0 1 0 0 0 1
1 0 1 1 1 1 1 1 1 0 1 1 0 0 0 1 0 1 0 1
1 1 1 1 0 0 0 0 0 1 1 0 1 0 0 1 0 0 1 1
0 1 0 1 1 0 0 0 1 0 1 1 1 0 1 1 1 0 1 1
1 1 0 1 1 0 1 1 0 0 1 0 0 1 1 1 0 1 0 0
0 0 0 0 1 0 1 1 1 1 0 0 1 0 0 0 0 0 1 0
0 0 0 0 0 1 1 0 1 0 1 1 0 0 0 0 0 1 1 1
1 0 0 1 1 1 1 1 0 0 1 0 1 1 1 1 1 0 1 1
1 1 1 0 0 0 1 1 1 1 0 1 0 0 1 0 1 0 0 0
0 0 1 0 1 1 0 1 1 1 1 1 1 0 1 0 0 1 1 0
1 0 1 1 1 0 1 1 0 0 0 0 0 0 1 1 1 1 1 1
1 0 0 1 1 1 0 0 0 0 0 1 1 0 0 0 1 1 0 1
1 1 0 1 1 1 1 1 0 1 0 0 0 0 1 1 1 1 1 1
0 1 0 1 1 1 0 1 1 1 1 1 0 1 0 0 0 0 1 1
0 0 1 1 1 1 0 0 1 1 1 1 1 1 0 1 1 0 0 1
1 1 0 0 0 1 0 0 0 1 0 0 0 1 1 0 1 0 1 1
1 1 0 0 0 1 1 0 0 0 1 1 0 1 0 1 0 1 0 1
0 1 1 1 0 0 1 0 0 1 0 1 0 0 1 0 0 0 1 1
1 0 0 1 1 0 1 1 0 1 1 0 0 0 0 0 1 1 1 0
0 0 0 1 1 1 1 0 0 0 1 1 0 1 0 0 0 0 1 1
1 0 0 1 1 0 0 1 0 0 0 0 0 1 1 0 0 1 0 0
1 1 0 1 1 1 0 0 1 1 1 1 0 0 0 1 0 0 0 0
1 0 0 1 1 1 0 0 1 1 1 1 1 1 0 0 1 0 1 0
1 0 0 0 1 1 0 1 1 1 0 1 0 0 0 1 1 1 0 1
1 0 1 1 0 1 0 0 1 0 0 0 1 0 1 1 1 0 0 1
0 0 0 1 1 0 1 1 1 1 1 0 0 1 1 1 1 1 0 1
1 1 0 1 0 0 1 1 0 1 0 1 1 1 1 1 1 1 0 0
0 1 0 1 0 1 0 1 1 0 0 1 0 1 1 1 0 1 1 1
1 1 1 0 1 0 1 0 0 0 0 0 0 0 1 1 1 1 0 0
0 0 1 1 1 1 1 0 0 0 1 0 0 0 0 1 0 1 1 1
1 1 0 1 0 0 0 1 1 1 0 0 0 0 0 1 1 0 1 1
0 0 1 1 1 0 0 0 0 0 1 0 1 0 0 0 1 1 0 1
0 1 1 1 0 0 1 0 1 0 1 0 1 1 0 1 0 1 0 1
1 0 1 1 0 0 0 0 0 0 0 1 0 1 0 0 1 0 1 1
1 0 1 1 0 1 0 0 0 1 1 0 1 0 0 1 1 0 1 1
0 1 0 1 0 0 0 0 1 0 0 1 0 1 0 0 1 0 0 0
0 0 1 1 0 1 0 1 0 1 0 1 0 0 1 0 0 0 1 1
1 0 1 0 0 0 1 1 0 0 0 1 1 1 0 0 0 0 1 1
1 0 0 0 1 0 1 0 0 1 0 0 1 1 1 1 0 1 0 0
0 1 1 0 1 0 0 0 1 0 1 1 1 1 1 1 1 1 0 1
0 1 0 0 1 1 1 1 1 0 0 0 0 1 0 0 1 1 0 1